10101201010212012101121021012102110012102101210102120121

01210120121021012121012120101

0011220011220011220011220011221021021021021021021021021021022012012012012012012012012012011110002220001112220001112220001112222200220022002200110011001100110011001100110011222112211221122112211221122002200220022

001122200112200112200112200112200112200112200112200112200112200112200112200112200111100221100221100221100221100221100221100221121201201

001122001122001122001122001122001122001122001122001122220011220011220011220011220011220011220011102102102102102102102102102102102

00112200112200112200112200112222222222200000000000000000000000111111111111111111111111111222222

00112222111111111111111111111111111111111111111111111111111111111111111111111111111111111100000000000000000000000000000000000000000000000000000000000000000000000000000000000000000000000000000000000000000000000000000000000000000000000

0000000000000000000000000000000000000000000000000000000000000000000000000000000000000000000011111111111111111111111111111111111111111111111111111111111111111111111111111111111111111111111111111111111111111111

11000000000000000000000000000000000000000000000000000000000000000000000000000000000000000000000000000000000000000000000000000000000000000000000000000000000000000001

0000000000000000000000000000001111111111111111111111111111111111111111111111111111222222222222222222222222222222222222222222222222222222222222222222222222222222222222222222222222222222222222222222222222222222222222222222222222222222222222222222222222

2222222222222222222222222222222222222222222222222222

000000000000000000000011111111111111111111111111111111111111111111111111111111111111122222222222222222222222222222222001100110011001100110011001100110011001100110011001100110011001100110011001122002200220022110022110022110022

001122001100110011220011222222222222222222222222200000000000000000000000000000000000000000000011111222222222222222222222222222222222222222222222222222222222222222222222222222222222222222222222222222222

00220011220011220011220011220011220011220011220011220011002211002211002211002211002211001021021021021021021021021021021021021021021021002102102102102102102102102120120120120120120121021012012102102101201210210121012100120121012012102101210120121012012102101200010001010010000010001001001001000100100100010001001000100100010010001001000100100000100001000100000100100010100001000001000100010000100001001001010010001001000000010010001001001001001000100001000100100001000100100100100100000010010001000100100001000010010000000100000000001000000010100100001010000101000

002121002002102002002021210020021002100120012001200120010210021002100120012001212120012001200200120120021002100210021000201012002110021201020102

001200120021001

012012102110210210222001122001122

2121012101201201210121012102101

021012012012102101201201210120121021012102101202102101210210120120121021012101201210210121012101201210120121000002012020121021201201212021020201202102120120212120202012021202020120212012021201202020212010202101201012010201020210120021012102100210021000200210012001200210021001200210020222222222222222222222222000000000000000000000001111111111111111111111111111111002211002211002211001122001122001122001122001122001122012012012012012012012012012012222222202102102102102102102102102102102102100000000000102102102110210210210210210210210121021021021021021021021100001110000011111000011111000011111001000111100000000111111000000111111100000111111000000111110000011111000001111100000222222222222222201210210120121021012012101201201210210120121021021012012102101201221

012102101201201201210120120112012012102102101201210210120120121012012102102101201

020202020202020202020202020202

00000000221120120121021012102101201210210120210100000012021121012121012000000021212012101012021021012012102112100000000021210120121021021021000000210210120120100000021000021200000212112100000021212120101010000000021212121210012121201210210120120120121012000000210121212100000002121212100021012100101000000002121121221000021212120120120120121021021201012012102220202012020202020202002022220002200022002200202200022200222002220022002200000220002020002020200220000220002022000200020002200020200202

21111221111211121112111211120121021021012102101201210210120121222220000102020202020202022020202020202020202020202020202020202020200002020222020202022020202020202020002002020202020020020020202020002020202020200202020202012011121012101201210121021012012012112101210101201210210120121012110210121111200100121210101201121021012101210121012012

012102102102102102

001012001020

012012012101210201201201201201201201201201201201201201111111111111111111111111111

201210210210201212002202102122222222222222222222222200000000000000011111111111111111111111111111111111000000001210210210210121021012012102102101201201201201201201201201201201201201201201201201201201201201201201

0101210121012102102100000000000111111111111111111122222222222

0120120101201201200100100021111111111

012012012012010120120120100000000021102101201201202102122222000202112012021012020121012102102122222222222211111001101210120110120120121021010000001111111111111111111111

0120120122222222200000000001111111111111111111111111

200020222200000000022222222221111111111111111

2012222222222111111111111111111111111111111111111111110000000001210210210210210210210210210210212122201201201201201201201201201201201

012012000000000111112222222000000000001111111111111111111